$ANSIBLE_VAULT;1.1;AES256
34376634633766363037646433313761656230373064303663663166663134613961343539316333
3634333039393035326661353533313035326465303532330a633732386563633331363138613666
61323330306634333762376132613062343462653231646564613862653133623234653263613238
3464376235656633380a363931396132323464346531323536383332623631623966376264326335
36636361376366666134356138633563323238343130653138303964323839623930323765376535
39373435383937353861313564323665356366363432303365643865633435353530343764653762
39636231323336343365323037353832323364313765366261656464323435613235643235623762
39636362393636343366396265643132326466383636666639363762373430636534396663326133
34303830633366623766656132303036383663386663376431613039316338383932663130373738
62636435333365653936333137636436323938353339363536636564373936396438643465373535
38653831326336633030623736343262346461313537623838366133356264313163323437383936
31663238353739343861386165326133326130343139343434623539303230343066353734643932
31643033633635613462386163386262366630643731646462323665373662396365393134383364
61626464383565323633663334373566396262656135353264663965313730656163626139623237
65346533303639383666313634653564663432316363356537393331666161623762383932636631
63383938336139356565653132373262623466363966303966383531386666623633633135396663
37343863626633666139366436333361656366343432313937633333633565313739306634393162
38633836646333383633353635396435636533643134323636396463663939343337316261376436
34393262323861633339393335356261313530353931383432313262643833336533373131323364
30623738346331346566303663373630393764663861383337356466313465356461643934343361
39663131396233333566356462366364373932333339353764353933623832356532646536363062
39356538633535313837353466653064656233346564356462343864366636336462323831333564
35633662383263313831663563313962303434323033393563633434303636313563306233353666
36373234393764333830313937663631656634666161626233323733373565623237636165363165
36623861393139333663326332346232336264623639643966393762616539636534643964313331
35393132623961633965393339313230613863323234363639356664613631366333623235303731
63383130663735363839666264373235306332653337333662303933386630653936383161636235
37613432353436393635663633343561386438346532666463626465663864393235383962343835
66353831663436383334636130323936663236633764666334303066333739626463316232343339
33653264386633366532613364323064343637393137343764653234626465636533623332636232
33633664303830373366653432316365646236326365303532663364333763373365356237316234
35383337656462346635613463616665623764323038393736636430383239616535323033356630
37356437373034613661353365363831396362313163386562343735646633393439333134346461
64633139343239333337616431626166643230366334663931356639313430346134346561373531
35616134313462303732393362373933333535303263303831373534386439643366343231306366
33613430353663356463636165636630383430323163376138326465613430313766653535303061
38656461646637643834363439303631636639313437313232353233373139393332316662373830
38656265306236356535356231313864633131303437366661353932366665336262393664353066
64333739333561313661653639316332336335666530356630313064643563326665373132383830
30356439363963633431363865613765396465393935353735356431626263656564363061616363
64303436613033393734306566353139313835363161333535396134636330353836633061386161
39653230313462336239626333393036656436653362636233333561333331376363643365303538
36346435396465613862336631383632386130306161643038626532336333666435336634653364
64306561353063633938646633336434336263326230306531383166393063656262383732396631
30376337393565666330653563653463323435346637663031306431336265343064346435613061
64656365666263623034356664633433656665623561366530633334623730623964663139663961
37653463313861666532633930353266383931633862383639326131316563316265393730346265
66393361663734356462383039343732653962643539363538323066303434373164313932316139
36643564613137373336343462353038373163333164636237626235326539653630313533333837
63333761353830343634373736333031343134306636666135333362366231363239623737613130
30643334343961316233666366633437316238336363303030303431313933343239613664656433
66653064656432323932663963366332393031313631626231363963613437323865313964383335
31303137323231356566613335306633303662386236663532326535386635373738633932663236
62323339626665633165663261633461373562643264373635366433616336366563643738323437
63343631616161343133663962636239326339653364653837323165393366313465383638333361
36323531393131646331663737363831656134626130643234313434373231343933373666386366
64383439383561643936363431336534653635393934376665333536313431616436363864316232
34366135656339383563306630316232316363313932646635326333646236393962373931303833
33323735343034313730613766613335383032343439313436373261336361303962623963333465
62353064393663613437363639633231633664363165353237313262393435363963326231646162
38326331393936383539346233376534646536323237643637343964663163353635646435613538
34396566626433343966393866343638383266376133393832313666376563333365616238396462
65306164373039316236656538396432663337316437333764313134356638653761616361643931
34373931313435643033623065613166633265666361303233313834353232613961376536356334
62633734346432656362346237666566373463313234333032376638386334396264383630613634
32656462396163363337326363613239376232666633663039333131333534653563383637643861
62393463613730633437653732383335333132613463633736383532393733353964346532323430
37653838643632306563363563653632386464353235313332346166366566613836356134363037
65383237633762303165613334343962653734306231616530333961626239303331303063666635
63663031623764343431313039383631396235346561623137653031326461323634343835386139
62306334616565626264373566666266643533646639366163376664346332383533373934633935
38323836363661396561343034306165366232303731336363346162643964376436376438356466
31633934323730383665613839346566646637386530376635363061643266363765303135376137
30326463666538393839633532646262643161343765313562633462623865633161303932343636
65306533363466626635343663383336633335666431643039366261363262343936366534323039
34326336386339633363633930303836643662666164613766643562653664643264363537353530
38633661303833313263346165333166316432626164363439646636353466396436623932316466
36343532363665336439643965613464393463383535326239663834343266383337343763376135
66663233646264653435343331373265383065663865656330333639626265333833643434363836
30313139313739323034353436313134613539636166393335663036656636656635656663623161
33313963616231616464663061316635303635623663373838366661343661373738346538323432
33653132303833343137663238323830343639396535613132363932663865656331636266306438
39343162363562626665653731346630393736363461343636623630396661666163393462346239
61623137343332626534623130366133366134316136623331393534333430653365316135633631
64663731393838316438633665386366393636666234316264623539653238306132396563386536
34643235383133636130356532356437306166336362313632353066363735666132663938623837
34306266363938356231346564663435643531623863303233323532353764303935356432663832
36623862303963346665373235623361323164356565626362323835363961396332366138383338
37386165343961343131383362366262346433346237363036383136383964386438393237643536
63363061353432623434633939343032653232633630303032313761303134313033396333643562
32663738666136663330646234373565633131343262646666353933316235346236303035303031
62303933666435623134326162326432656532313535633930396431666233666435376533626565
38376335353033333933316635316132353731303636663363643434626630303039386633356665
64336631356164663662316634316362663862313861353561373664346634386335373239383131
63393134373434393766373732343636643061333964373465383733393931623938366264396561
36663436326137333431626631613530663434353838646135646661343564373862623037303463
35633838343730643135303730643638643366343439643563643438386162636235633331373832
32343634393739306436383562613635326531656637383037666365333238656663656562383861
35336430633030363465396337643839353333633166633366353031653732383637653163363963
36623030313033383130363036313632396137623961653835353637366537323839653437343433
66333939326531663435393338376232303864646661373234303639353662663566376235356365
39366533666133343963373336346437333266636532633235613464383835333165346563333765
34613032663663363033663833323965393238393164623435663534323439366538623765343765
64383064656363333135333138336131663838626132346262396536633834656136313332656639
32353436363161343564613139323663313264303538383437373364346436373230336230326634
63623034306130373764376432663236356639653831366134343162636236356463346134366331
63616361616135366337656662376430636339363339346237623264646535376332303433306439
65343264333034313830373764383362633730613866363134306538653839353133386336323036
33313866386136376236343364663266633165386533643930663065633139383139313031636264
66353039356663646435663261373938386530353364623738663363353361663861373136316263
63346439623833353734643536666536643535323635353037386233646534613462333561653733
61383736656131363637646562373336653636303133336261363432323837336262643261313430
63353265623330636639316532626239376633356435323663356239393433326461666665653734
30363936306536396132643563616539623866306434643433663432643335303130613962356435
38306230373637376434613137343964303834336338333131373361353530353634396538653639
38383036653065313364376137663334613336643039366432396433353065613338666265323935
66356265346366383735626132323566303530653932383932336239646233316565316661643061
66613965333937393234383962393935616463623164386636636362306162366566613664333530
66626239343636363231636166313464366564663066666533373038323832353731353331383330
64643139633535616633333538656434396162623361313839393735616534336330653334386138
30333631333963383737396638313531646639636431373735393134303538613933353766636433
64373062346332363233663366313034333261666632303239346130346331373034393934653331
30643663386532633136636366656137643837376633656138323333653465326138366232363038
38643931343235646131623535373462333039353132653331313465373537376531663864306564
36666232366138393836373934346139666538366335363566623064316337376364386365333466
38393430326564376234323437656165383030643763386161363261326135313662616637396631
61656362353465303863333964333166353963633337383235383439373164373336366563653965
37663638323165386163633832623164306634323337643234373765316465636164326162663731
31393262383937333164613931666363353439373036353866396539636632613961363538613262
65336435333065323766663634393236343164373866316365613934656165623836353364663633
61666634363230323435343766353139313861383366313338313639326336343836323432636364
66613439643832383536623038613832353865353830623834313036326162633434313632316236
63376364333533383739353563376435316563383334336666643738633030336565303538366538
64626337626534366364313666623031303966373937323639633764613137613766633062333632
36366231303035386337653362313662373433336434366462663638366430303330356337646465
39653464313761386439623030343738366136363261643235616338326665613464663137363264
61313339616135336163363937613334346432373166343639333132353639363838383264376365
37393739343361306532636437363437333764376232666630656338623930646333313435326364
37383333376636306666343136613061303663306639646130343966633232323133333731373131
36316539323730336232633734393832633137623730343533313030623965303864633630306361
61643034343863363761623236623836343438333564373463633439636337653638643934646463
62383731653130313164383130366135313130653331356261653939346666363039633865653238
38393766303763366635636466346136646235363133333930643061653262623534313433353462
30306162363634363062393762313830366136626464386236626131343333663361333964646563
34353530626438656134646361336362363261353531666461643433303361343638616537366464
63323931393037333433623831653861333730643265656332666264376361643665363065326633
36386563313163373266383232373234363834656133363131383064356462653231316638313633
34663965316363326335333165616237643764633363396636666237343766333166633032366463
38626430373364313838363132653362363132396638613238373766306166373437663339623861
38303538626665643532393333653934653737663661313237303264333830373561356637643838
65363935303431613532636266646332346461386665316662363031303362633336353932333963
30336535333631346131343865616361306261396331356534313838613436323834336266313966
33313865643063396334373337313563323363643961363736633363643433383761643863353363
37373464656265306365353639623662623039306630303066396630303931656634303636323132
36353661326435373639353763643431396437366165646231653166313130333739356131373232
66663061306137656461313066353239313236313639383531326135376466303931333933653935
61306666613964363762626130376137656533396636356337363966623938623636393936366166
33636232386339656561623235623539306533393332636537333033396563383632613462313937
65396362623839366136633933326363336437386165366666383637643534343534376134616437
38623937386361373530363232653533336339663861646231653233313463653531366366306365
36383262393433653565353461326137346564326134373662326538633366643038333735666663
62633765373962313739363039623632653538346333376133306237353635616562613631626663
65616532653732373530343134613263626134616664396564316565656236313335653066623834
39363534326434656563643836313534663130376631303330313465653033336632653633336662
36333733633031313533363634353533656265643864363764316134303961633735653730393562
63663664636537666435633938303039633831303339633231666433653939393337636632633036
30653438646435386363323563393736376535646331306530343434383637373261616162363561
35666163393532386332323864303166633265356163383635306262623737316662373234623131
30363431653133303365353333656630393235356533386466353861383531383361316333313239
32386161663230613333623132353233666563653033653362613438393237366362306435623237
66316132326665633562336266366136656332366531626638633265373661323636343831386435
36336566656465306137313038623139663735353162633836633734653438633265663339353832
64353533343563383637373938316634303931643932386432313330336565313765
